%!PS-Adobe-3.0 EPSF-3.0 
% Graphical display of results from structure
% distruct by Noah Rosenberg, version 1.0 Nov 2002 
%                             version 1.1 Jun 2007 
% Command line arguments: distruct/distruct1.1 -K 3 -M 20 -N 826 -p 16725/pop -i 16725/ind -o 16725/out.ps -b 16725/labels -c 16725/perm -d 16725/drawparams 
gsave

% Population Q values from the file: 16725/pop
% 3 clusters, 20 populations, 0 individuals
% Pop. code, number of individuals, membership coefficients
% 11	28	0	0	0	
% 7	55	0	0	0	
% 17	7	0	0	0	
% 2	38	0	0	0	
% 1	48	0	0	0	
% 18	32	0	0	0	
% 16	32	0	0	0	
% 13	93	0	0	0	
% 6	41	0	0	0	
% 3	30	0	0	0	
% 9	28	0	0	0	
% 12	81	0	0	0	
% 20	32	0	0	0	
% 15	48	0	0	0	
% 14	54	0	0	0	
% 8	59	0	0	0	
% 4	30	0	0	0	
% 19	14	0	0	0	
% 10	39	0	0	0	
% 5	37	0	0	0	


% Individual Q values from the file: 16725/ind
% Population code, individual label, membership coefficients
% 1	1	0.3966	0.4975	0.1059	
% 1	2	0.5279	0.1024	0.3697	
% 1	3	0.0631	0.5577	0.3791	
% 1	4	0.0436	0.8255	0.131	
% 1	5	0.4344	0.1235	0.4421	
% 1	6	0.3635	0.4198	0.2167	
% 1	7	0.0002	0.9991	0.0007	
% 1	8	0.0424	0.5722	0.3855	
% 1	9	0.3857	0.4476	0.1667	
% 1	10	0.4174	0.4413	0.1413	
% 1	11	0.2773	0.4978	0.2249	
% 1	12	0.4145	0.4851	0.1004	
% 1	13	0.5172	0.1091	0.3737	
% 1	14	0.355	0.4594	0.1856	
% 1	15	0.5564	0.2469	0.1967	
% 1	16	0.0376	0.6003	0.3621	
% 1	17	0.2296	0.4489	0.3215	
% 1	18	0.2989	0.4379	0.2632	
% 1	19	0.0003	0.9982	0.0015	
% 1	20	0.5518	0.2701	0.1781	
% 1	21	0.2717	0.4811	0.2472	
% 1	22	0.0343	0.6047	0.361	
% 1	23	0.4964	0.2886	0.2151	
% 1	24	0.0006	0.9917	0.0078	
% 1	25	0.3158	0.4558	0.2284	
% 1	26	0.0672	0.7478	0.185	
% 1	27	0.05	0.5839	0.3661	
% 1	28	0.3295	0.4436	0.2269	
% 1	29	0.2573	0.5465	0.1963	
% 1	30	0.3515	0.4412	0.2073	
% 1	31	0.525	0.1111	0.3639	
% 1	32	0.0523	0.5667	0.381	
% 1	33	0.0568	0.5909	0.3524	
% 1	34	0.7448	0.0012	0.254	
% 1	35	0.2854	0.5003	0.2143	
% 1	36	0.0341	0.7978	0.1681	
% 1	37	0.7734	0.0006	0.2261	
% 1	38	0.4974	0.1161	0.3865	
% 1	39	0.1289	0.2067	0.6644	
% 1	40	0.0278	0.6374	0.3348	
% 1	41	0.0002	0.9988	0.001	
% 1	42	0.3494	0.4914	0.1593	
% 1	43	0.5006	0.1134	0.386	
% 1	44	0.3989	0.51	0.0911	
% 1	45	0.3012	0.4884	0.2104	
% 1	46	0.3286	0.4551	0.2163	
% 1	47	0.7479	0.0131	0.239	
% 1	48	0.0362	0.6	0.3638	
% 2	49	0.2769	0.4404	0.2828	
% 2	50	0.063	0.7482	0.1888	
% 2	51	0.0014	0.9978	0.0008	
% 2	52	0.4409	0.4279	0.1312	
% 2	53	0.4894	0.2918	0.2189	
% 2	54	0.1258	0.2094	0.6647	
% 2	55	0.0367	0.773	0.1903	
% 2	56	0.0004	0.9976	0.0019	
% 2	57	0.3821	0.464	0.1539	
% 2	58	0.3982	0.5375	0.0643	
% 2	59	0.228	0.457	0.315	
% 2	60	0.0004	0.9926	0.007	
% 2	61	0.3706	0.466	0.1634	
% 2	62	0.5063	0.2833	0.2103	
% 2	63	0.2193	0.5538	0.2269	
% 2	64	0.276	0.4741	0.2499	
% 2	65	0.3951	0.5209	0.084	
% 2	66	0.1874	0.481	0.3317	
% 2	67	0.0614	0.6036	0.3349	
% 2	68	0.2547	0.4707	0.2746	
% 2	69	0.356	0.4735	0.1705	
% 2	70	0.5326	0.2679	0.1995	
% 2	71	0.0005	0.9978	0.0018	
% 2	72	0.0003	0.9988	0.001	
% 2	73	0.3805	0.4474	0.1721	
% 2	74	0.0486	0.767	0.1844	
% 2	75	0.0648	0.7559	0.1794	
% 2	76	0.542	0.2586	0.1995	
% 2	77	0.067	0.7306	0.2024	
% 2	78	0.3481	0.4745	0.1775	
% 2	79	0.0005	0.9988	0.0008	
% 2	80	0.0004	0.999	0.0006	
% 3	81	0.5948	0.2446	0.1606	
% 3	82	0.0196	0.7839	0.1965	
% 3	83	0.5536	0.2633	0.1831	
% 3	84	0.0697	0.5468	0.3835	
% 3	85	0.8626	0.0008	0.1366	
% 3	86	0.3101	0.4683	0.2216	
% 3	87	0.0634	0.5377	0.3989	
% 3	88	0.3975	0.5006	0.1018	
% 3	89	0.0056	0.8173	0.1772	
% 3	90	0.2977	0.4335	0.2688	
% 3	91	0.4252	0.4988	0.0759	
% 3	92	0.255	0.4962	0.2488	
% 3	93	0.5077	0.1122	0.3802	
% 3	94	0.0004	0.9984	0.0012	
% 3	95	0.0003	0.9988	0.001	
% 3	96	0.5371	0.2799	0.183	
% 3	97	0.0277	0.7851	0.1872	
% 3	98	0.2955	0.4959	0.2086	
% 3	99	0.8015	0.0004	0.1981	
% 3	100	0.9522	0.0003	0.0475	
% 3	101	0.9492	0.0005	0.0503	
% 3	102	0.9533	0.0004	0.0463	
% 3	103	0.0002	0.9987	0.001	
% 3	104	0.324	0.4963	0.1797	
% 3	105	0.0061	0.824	0.1699	
% 3	106	0.3173	0.5077	0.175	
% 3	107	0.2867	0.4883	0.225	
% 3	108	0.9568	0.0025	0.0407	
% 3	109	0.9976	0.0006	0.0018	
% 3	110	0.9739	0.0011	0.025	
% 4	111	0.0068	0.8417	0.1515	
% 4	112	0.0341	0.5612	0.4046	
% 4	113	0.0285	0.7896	0.1818	
% 4	114	0.0548	0.5497	0.3955	
% 4	115	0.0451	0.5995	0.3554	
% 4	116	0.9736	0.0003	0.0261	
% 4	117	0.9717	0.0003	0.028	
% 4	118	0.0002	0.999	0.0007	
% 4	119	0.4748	0.1371	0.3881	
% 4	120	0.0004	0.9985	0.0011	
% 4	121	0.2796	0.5394	0.181	
% 4	122	0.5645	0.0981	0.3374	
% 4	123	0.9587	0.0006	0.0407	
% 4	124	0.9719	0.0002	0.028	
% 4	125	0.988	0.0003	0.0118	
% 4	126	0.0002	0.9992	0.0006	
% 4	127	0.0598	0.5703	0.3698	
% 4	128	0.2495	0.4921	0.2584	
% 4	129	0.0413	0.5481	0.4106	
% 4	130	0.4837	0.3026	0.2136	
% 4	131	0.9704	0.0003	0.0293	
% 4	132	0.9701	0.0002	0.0296	
% 4	133	0.9886	0.0008	0.0106	
% 4	134	0.043	0.551	0.406	
% 4	135	0.4501	0.1253	0.4246	
% 4	136	0.0433	0.6499	0.3068	
% 4	137	0.0548	0.5667	0.3785	
% 4	138	0.9519	0.0021	0.046	
% 4	139	0.9984	0.0002	0.0013	
% 4	140	0.982	0.0007	0.0173	
% 2	141	0.0275	0.5929	0.3796	
% 2	142	0.0762	0.7271	0.1968	
% 2	143	0.7043	0.0355	0.2602	
% 2	144	0.1765	0.4934	0.3301	
% 2	145	0.9583	0.008	0.0337	
% 2	146	0.9548	0.0009	0.0443	
% 5	147	0.9737	0.0007	0.0256	
% 5	148	0.969	0.0023	0.0287	
% 5	149	0.0009	0.8351	0.1641	
% 5	150	0.138	0.1991	0.6629	
% 5	151	0.3773	0.5956	0.0272	
% 5	152	0.0008	0.9958	0.0034	
% 5	153	0.9485	0.0121	0.0394	
% 5	154	0.9797	0.0007	0.0196	
% 5	155	0.9825	0.0004	0.0172	
% 5	156	0.0146	0.8039	0.1815	
% 5	157	0.1829	0.6543	0.1628	
% 5	158	0.123	0.211	0.6659	
% 5	159	0.3849	0.4723	0.1428	
% 5	160	0.9963	0.0009	0.0028	
% 5	161	0.9345	0.0085	0.057	
% 5	162	0.9812	0.0036	0.0152	
% 5	163	0.0424	0.5545	0.403	
% 5	164	0.0516	0.77	0.1783	
% 5	165	0.0007	0.982	0.0173	
% 5	166	0.3373	0.4686	0.1941	
% 5	167	0.9712	0.0005	0.0283	
% 5	168	0.9676	0.0004	0.032	
% 5	169	0.9908	0.0003	0.0089	
% 5	170	0.2084	0.4993	0.2923	
% 5	171	0.3368	0.5525	0.1107	
% 5	172	0.5087	0.1089	0.3824	
% 5	173	0.4533	0.3414	0.2053	
% 5	174	0.9563	0.0036	0.0401	
% 5	175	0.9921	0.0002	0.0077	
% 5	176	0.9922	0.0003	0.0076	
% 5	177	0.552	0.2554	0.1926	
% 5	178	0.2094	0.4857	0.3048	
% 5	179	0.0441	0.5585	0.3974	
% 5	180	0.1307	0.2041	0.6652	
% 5	181	0.9815	0.0003	0.0182	
% 5	182	0.9976	0.0003	0.0021	
% 5	183	0.9758	0.0008	0.0235	
% 6	184	0.0457	0.6007	0.3536	
% 6	185	0.2467	0.5116	0.2417	
% 6	186	0.1487	0.5187	0.3326	
% 6	187	0.0267	0.6095	0.3638	
% 6	188	0.2223	0.5221	0.2556	
% 6	189	0.1189	0.2162	0.6648	
% 6	190	0.0387	0.7845	0.1767	
% 6	191	0.8407	0.0005	0.1589	
% 6	192	0.3823	0.4385	0.1792	
% 6	193	0.3141	0.4771	0.2088	
% 6	194	0.3962	0.432	0.1718	
% 6	195	0.0139	0.8136	0.1725	
% 6	196	0.1459	0.521	0.3331	
% 6	197	0.2027	0.4654	0.3319	
% 6	198	0.0426	0.5652	0.3922	
% 6	199	0.0109	0.8365	0.1526	
% 6	200	0.0447	0.5869	0.3685	
% 6	201	0.366	0.4605	0.1735	
% 6	202	0.0003	0.999	0.0008	
% 6	203	0.0003	0.9971	0.0026	
% 6	204	0.0004	0.9921	0.0075	
% 6	205	0.1205	0.2136	0.6659	
% 6	206	0.1387	0.5281	0.3331	
% 6	207	0.0182	0.8012	0.1806	
% 6	208	0.362	0.4426	0.1955	
% 6	209	0.0349	0.8142	0.1509	
% 6	210	0.0164	0.8095	0.174	
% 6	211	0.094	0.2409	0.6652	
% 6	212	0.2584	0.4948	0.2468	
% 6	213	0.5011	0.1115	0.3874	
% 6	214	0.0002	0.9986	0.0012	
% 6	215	0.5458	0.1004	0.3539	
% 6	216	0.0491	0.5494	0.4015	
% 6	217	0.3298	0.4876	0.1826	
% 6	218	0.2205	0.53	0.2495	
% 6	219	0.2516	0.554	0.1944	
% 6	220	0.0544	0.7798	0.1658	
% 6	221	0.3381	0.4789	0.183	
% 6	222	0.0604	0.7525	0.187	
% 6	223	0.1738	0.4938	0.3323	
% 6	224	0.0648	0.7965	0.1388	
% 7	225	0.4495	0.2099	0.3406	
% 7	226	0.3178	0.4452	0.237	
% 7	227	0.4854	0.3004	0.2143	
% 7	228	0.0006	0.9982	0.0011	
% 7	229	0.0191	0.8423	0.1385	
% 7	230	0.4823	0.2827	0.235	
% 7	231	0.5011	0.2815	0.2173	
% 7	232	0.0461	0.5744	0.3795	
% 7	233	0.0002	0.9988	0.001	
% 7	234	0.0381	0.5815	0.3804	
% 7	235	0.1517	0.5262	0.3221	
% 7	236	0.4757	0.1526	0.3717	
% 7	237	0.2015	0.4915	0.307	
% 7	238	0.0338	0.6259	0.3403	
% 7	239	0.2157	0.544	0.2403	
% 7	240	0.3558	0.4717	0.1724	
% 7	241	0.002	0.8289	0.169	
% 7	242	0.2416	0.5278	0.2306	
% 7	243	0.0103	0.7988	0.1909	
% 7	244	0.5488	0.2533	0.1979	
% 7	245	0.4938	0.1348	0.3714	
% 7	246	0.1023	0.728	0.1697	
% 7	247	0.0004	0.9987	0.0009	
% 7	248	0.0287	0.6382	0.3331	
% 7	249	0.2603	0.4999	0.2399	
% 7	250	0.0363	0.7773	0.1864	
% 7	251	0.0171	0.792	0.1909	
% 7	252	0.0005	0.98	0.0195	
% 7	253	0.0002	0.9985	0.0013	
% 7	254	0.0629	0.7451	0.192	
% 7	255	0.036	0.5762	0.3878	
% 7	256	0.0042	0.815	0.1808	
% 7	257	0.0002	0.996	0.0038	
% 7	258	0.0231	0.8179	0.159	
% 7	259	0.0002	0.9982	0.0016	
% 7	260	0.0026	0.8363	0.1612	
% 7	261	0.0459	0.5716	0.3825	
% 7	262	0.0007	0.9913	0.008	
% 7	263	0.0478	0.5772	0.3751	
% 7	264	0.0405	0.5787	0.3808	
% 7	265	0.0296	0.786	0.1844	
% 7	266	0.1869	0.4808	0.3323	
% 7	267	0.0002	0.9993	0.0005	
% 7	268	0.6535	0.068	0.2785	
% 7	269	0.5605	0.2504	0.1892	
% 7	270	0.1174	0.217	0.6655	
% 7	271	0.401	0.4251	0.1739	
% 7	272	0.0574	0.7665	0.1761	
% 7	273	0.019	0.6163	0.3647	
% 7	274	0.1397	0.5275	0.3327	
% 7	275	0.0243	0.7997	0.176	
% 7	276	0.1314	0.2082	0.6604	
% 7	277	0.0001	0.9995	0.0003	
% 7	278	0.5474	0.1001	0.3525	
% 7	279	0.3852	0.3387	0.2761	
% 8	280	0.9995	0.0002	0.0003	
% 8	281	0.9513	0.001	0.0477	
% 8	282	0.9996	0.0002	0.0003	
% 8	283	0.9992	0.0004	0.0004	
% 8	284	0.9987	0.0004	0.0009	
% 8	285	0.9991	0.0003	0.0006	
% 8	286	0.9993	0.0003	0.0004	
% 8	287	0.9993	0.0003	0.0004	
% 8	288	0.9993	0.0002	0.0005	
% 8	289	0.9946	0.0002	0.0052	
% 8	290	0.9995	0.0002	0.0003	
% 8	291	0.9965	0.0014	0.0021	
% 8	292	0.9996	0.0001	0.0002	
% 8	293	0.9988	0.0004	0.0008	
% 8	294	0.9995	0.0002	0.0003	
% 8	295	0.9983	0.0003	0.0013	
% 8	296	0.9996	0.0002	0.0002	
% 8	297	0.9983	0.0006	0.0011	
% 8	298	0.9996	0.0002	0.0003	
% 8	299	0.9995	0.0002	0.0003	
% 8	300	0.9994	0.0002	0.0004	
% 8	301	0.9994	0.0002	0.0003	
% 8	302	0.9996	0.0002	0.0002	
% 8	303	0.9994	0.0002	0.0005	
% 8	304	0.9994	0.0002	0.0004	
% 9	305	0.9987	0.0006	0.0007	
% 9	306	0.9994	0.0002	0.0004	
% 9	307	0.9996	0.0002	0.0003	
% 9	308	0.9973	0.0009	0.0018	
% 9	309	0.9726	0.0062	0.0212	
% 9	310	0.999	0.0005	0.0005	
% 9	311	0.9996	0.0002	0.0002	
% 9	312	0.9992	0.0003	0.0005	
% 9	313	0.9995	0.0002	0.0003	
% 9	314	0.9956	0.0009	0.0035	
% 9	315	0.9995	0.0002	0.0003	
% 9	316	0.9996	0.0002	0.0003	
% 9	317	0.9997	0.0001	0.0002	
% 9	318	0.9993	0.0003	0.0004	
% 9	319	0.999	0.0004	0.0006	
% 9	320	0.9992	0.0004	0.0004	
% 9	321	0.9993	0.0002	0.0005	
% 9	322	0.9993	0.0003	0.0004	
% 9	323	0.9996	0.0002	0.0002	
% 9	324	0.9995	0.0002	0.0003	
% 9	325	0.9984	0.0009	0.0007	
% 9	326	0.9996	0.0002	0.0002	
% 9	327	0.9994	0.0003	0.0004	
% 9	328	0.9995	0.0002	0.0003	
% 9	329	0.9994	0.0002	0.0003	
% 9	330	0.9996	0.0002	0.0002	
% 10	331	0.999	0.0004	0.0007	
% 10	332	0.9995	0.0002	0.0003	
% 10	333	0.9992	0.0003	0.0005	
% 10	334	0.9839	0.0004	0.0157	
% 10	335	0.5405	0.1208	0.3387	
% 10	336	0.9962	0.0002	0.0036	
% 10	337	0.4178	0.5297	0.0524	
% 10	338	0.669	0.0792	0.2518	
% 10	339	0.7134	0.1758	0.1108	
% 10	340	0.6889	0.0748	0.2363	
% 10	341	0.9994	0.0002	0.0004	
% 10	342	0.9455	0.0009	0.0536	
% 10	343	0.6047	0.0933	0.302	
% 10	344	0.634	0.0845	0.2815	
% 10	345	0.9995	0.0002	0.0003	
% 10	346	0.4987	0.4992	0.0021	
% 10	347	0.6193	0.2371	0.1436	
% 10	348	0.9993	0.0003	0.0005	
% 10	349	0.5963	0.0954	0.3082	
% 10	350	0.6321	0.0885	0.2794	
% 10	351	0.6701	0.2068	0.1231	
% 10	352	0.9969	0.0014	0.0017	
% 10	353	0.6386	0.2084	0.153	
% 10	354	0.6535	0.0848	0.2617	
% 10	355	0.9681	0.0029	0.029	
% 10	356	0.9985	0.0004	0.0012	
% 10	357	0.704	0.0771	0.2189	
% 10	358	0.6772	0.0797	0.243	
% 10	359	0.4063	0.15	0.4438	
% 10	360	0.9993	0.0003	0.0005	
% 10	361	0.698	0.0747	0.2273	
% 10	362	0.642	0.0841	0.274	
% 10	363	0.6844	0.0798	0.2358	
% 10	364	0.9996	0.0002	0.0002	
% 10	365	0.9996	0.0001	0.0002	
% 10	366	0.9991	0.0002	0.0007	
% 10	367	0.965	0.0006	0.0344	
% 10	368	0.9995	0.0002	0.0003	
% 10	369	0.9489	0.0011	0.0501	
% 8	370	0.9968	0.0004	0.0028	
% 8	371	0.997	0.0014	0.0015	
% 8	372	0.9996	0.0001	0.0002	
% 8	373	0.9996	0.0001	0.0002	
% 8	374	0.9996	0.0002	0.0002	
% 8	375	0.9989	0.0006	0.0005	
% 8	376	0.9996	0.0002	0.0002	
% 8	377	0.9995	0.0001	0.0004	
% 8	378	0.9994	0.0003	0.0003	
% 8	379	0.9992	0.0003	0.0005	
% 8	380	0.9988	0.0003	0.0009	
% 8	381	0.999	0.0003	0.0007	
% 8	382	0.9997	0.0001	0.0002	
% 8	383	0.9988	0.0002	0.001	
% 8	384	0.9992	0.0004	0.0004	
% 8	385	0.9995	0.0002	0.0003	
% 8	386	0.999	0.0004	0.0006	
% 8	387	0.9814	0.001	0.0176	
% 8	388	0.9993	0.0003	0.0004	
% 8	389	0.9994	0.0002	0.0004	
% 8	390	0.9996	0.0002	0.0002	
% 8	391	0.9974	0.0013	0.0014	
% 8	392	0.9996	0.0002	0.0002	
% 8	393	0.9986	0.0003	0.0011	
% 8	394	0.9975	0.0013	0.0012	
% 8	395	0.999	0.0002	0.0008	
% 8	396	0.9991	0.0002	0.0007	
% 8	397	0.9994	0.0002	0.0004	
% 8	398	0.9995	0.0002	0.0003	
% 8	399	0.9993	0.0003	0.0004	
% 8	400	0.9995	0.0002	0.0003	
% 11	401	0.9994	0.0003	0.0003	
% 11	402	0.9974	0.0006	0.002	
% 11	403	0.9978	0.0007	0.0014	
% 11	404	0.9986	0.0004	0.001	
% 11	405	0.999	0.0003	0.0007	
% 11	406	0.9995	0.0002	0.0003	
% 11	407	0.9963	0.0004	0.0033	
% 11	408	0.6582	0.0825	0.2593	
% 11	409	0.9994	0.0002	0.0003	
% 11	410	0.9898	0.0013	0.0089	
% 11	411	0.6739	0.0837	0.2424	
% 11	412	0.998	0.0012	0.0008	
% 11	413	0.9982	0.0008	0.001	
% 11	414	0.9989	0.0002	0.0009	
% 11	415	0.9993	0.0002	0.0006	
% 11	416	0.9996	0.0002	0.0003	
% 11	417	0.9994	0.0002	0.0004	
% 11	418	0.7554	0.0589	0.1857	
% 11	419	0.9981	0.0008	0.001	
% 11	420	0.9976	0.0004	0.002	
% 11	421	0.9993	0.0002	0.0004	
% 11	422	0.6616	0.083	0.2554	
% 11	423	0.9937	0.0004	0.0059	
% 11	424	0.7199	0.0705	0.2096	
% 11	425	0.999	0.0004	0.0006	
% 11	426	0.9995	0.0002	0.0003	
% 11	427	0.9996	0.0002	0.0003	
% 11	428	0.5791	0.0971	0.3238	
% 12	429	0.1092	0.225	0.6658	
% 12	430	0.132	0.2017	0.6663	
% 12	431	0.4718	0.1109	0.4173	
% 12	432	0.043	0.5419	0.4151	
% 12	433	0.0375	0.5935	0.369	
% 12	434	0.0002	0.9985	0.0013	
% 12	435	0.0001	0.9995	0.0003	
% 12	436	0.1196	0.2141	0.6663	
% 12	437	0.0352	0.7994	0.1654	
% 12	438	0.2769	0.4859	0.2371	
% 12	439	0.0386	0.7838	0.1776	
% 12	440	0.5064	0.2827	0.2109	
% 12	441	0.4568	0.1122	0.4311	
% 12	442	0.1224	0.2113	0.6663	
% 12	443	0.0002	0.9974	0.0024	
% 12	444	0.2247	0.5267	0.2486	
% 12	445	0.0357	0.5869	0.3773	
% 12	446	0.0469	0.8272	0.1259	
% 12	447	0.1549	0.1916	0.6535	
% 12	448	0.0002	0.9989	0.001	
% 12	449	0.0459	0.5577	0.3965	
% 12	450	0.5093	0.1057	0.385	
% 12	451	0.5158	0.2761	0.2081	
% 12	452	0.0375	0.5961	0.3664	
% 12	453	0.0002	0.9985	0.0012	
% 12	454	0.1235	0.2101	0.6664	
% 12	455	0.2639	0.5266	0.2095	
% 12	456	0.0433	0.5579	0.3987	
% 12	457	0.1468	0.1938	0.6594	
% 12	458	0.0262	0.6034	0.3704	
% 12	459	0.0004	0.9884	0.0112	
% 12	460	0.0002	0.9991	0.0007	
% 12	461	0.0002	0.999	0.0008	
% 12	462	0.0403	0.781	0.1787	
% 12	463	0.1525	0.5143	0.3332	
% 12	464	0.0012	0.8262	0.1726	
% 12	465	0.0484	0.5589	0.3928	
% 12	466	0.0002	0.9992	0.0006	
% 12	467	0.0422	0.5781	0.3797	
% 12	468	0.1063	0.2275	0.6662	
% 12	469	0.3685	0.2877	0.3438	
% 12	470	0.3532	0.4606	0.1863	
% 12	471	0.0001	0.9991	0.0007	
% 12	472	0.0355	0.5749	0.3895	
% 12	473	0.5212	0.1099	0.3689	
% 12	474	0.3189	0.4685	0.2126	
% 12	475	0.0304	0.7955	0.1741	
% 12	476	0.2424	0.5086	0.249	
% 12	477	0.0381	0.5481	0.4138	
% 12	478	0.046	0.5422	0.4118	
% 12	479	0.0437	0.5785	0.3777	
% 12	480	0.2872	0.4881	0.2247	
% 12	481	0.482	0.2993	0.2188	
% 12	482	0.2536	0.4926	0.2538	
% 12	483	0.0001	0.9994	0.0005	
% 12	484	0.2986	0.4832	0.2182	
% 12	485	0.0393	0.5957	0.3649	
% 12	486	0.0435	0.5942	0.3623	
% 12	487	0.3034	0.4677	0.2289	
% 12	488	0.0394	0.5869	0.3737	
% 12	489	0.1318	0.5354	0.3328	
% 12	490	0.0406	0.5818	0.3776	
% 12	491	0.4705	0.307	0.2225	
% 12	492	0.2593	0.4861	0.2546	
% 12	493	0.0049	0.8115	0.1836	
% 12	494	0.3002	0.4656	0.2342	
% 12	495	0.545	0.2518	0.2032	
% 12	496	0.0178	0.8073	0.1749	
% 12	497	0.0357	0.5959	0.3684	
% 12	498	0.0395	0.5752	0.3853	
% 12	499	0.2122	0.5371	0.2507	
% 12	500	0.3082	0.4804	0.2115	
% 12	501	0.0002	0.9993	0.0005	
% 12	502	0.0764	0.7437	0.1799	
% 12	503	0.3068	0.462	0.2312	
% 12	504	0.3592	0.4452	0.1955	
% 12	505	0.0352	0.5773	0.3875	
% 12	506	0.0011	0.8256	0.1733	
% 12	507	0.2923	0.4674	0.2403	
% 12	508	0.3133	0.4943	0.1924	
% 12	509	0.5054	0.1135	0.3812	
% 13	510	0.1735	0.5287	0.2977	
% 13	511	0.0005	0.9974	0.0021	
% 13	512	0.0398	0.6459	0.3143	
% 13	513	0.0131	0.8263	0.1606	
% 13	514	0.4375	0.1349	0.4276	
% 13	515	0.2572	0.5749	0.168	
% 13	516	0.0397	0.7794	0.1809	
% 13	517	0.0448	0.6499	0.3054	
% 13	518	0.0006	0.8287	0.1706	
% 13	519	0.113	0.2211	0.6659	
% 13	520	0.0277	0.6246	0.3477	
% 13	521	0.0003	0.9979	0.0018	
% 13	522	0.0363	0.5803	0.3834	
% 13	523	0.0004	0.997	0.0025	
% 13	524	0.361	0.2126	0.4264	
% 13	525	0.0434	0.6535	0.3031	
% 13	526	0.0285	0.6061	0.3655	
% 13	527	0.0336	0.7904	0.176	
% 13	528	0.0407	0.6174	0.3419	
% 13	529	0.0169	0.8148	0.1683	
% 13	530	0.0001	0.9994	0.0005	
% 13	531	0.0271	0.8057	0.1673	
% 13	532	0.0002	0.9992	0.0006	
% 13	533	0.0005	0.9984	0.0012	
% 13	534	0.0338	0.6322	0.334	
% 13	535	0.3135	0.4774	0.2091	
% 13	536	0.3085	0.532	0.1595	
% 13	537	0.0004	0.9355	0.0641	
% 13	538	0.0004	0.9985	0.0011	
% 13	539	0.0193	0.8178	0.163	
% 13	540	0.3355	0.5769	0.0876	
% 13	541	0.0012	0.8166	0.1822	
% 13	542	0.0505	0.5442	0.4053	
% 13	543	0.0201	0.8578	0.1221	
% 13	544	0.0347	0.6104	0.3549	
% 13	545	0.0446	0.6069	0.3485	
% 13	546	0.0456	0.5549	0.3995	
% 13	547	0.4641	0.1219	0.4139	
% 13	548	0.5331	0.1194	0.3475	
% 13	549	0.0011	0.9962	0.0027	
% 13	550	0.0421	0.7706	0.1873	
% 13	551	0.0618	0.731	0.2072	
% 13	552	0.1568	0.5456	0.2976	
% 13	553	0.0391	0.7947	0.1662	
% 13	554	0.2535	0.5262	0.2203	
% 13	555	0.0004	0.9859	0.0136	
% 13	556	0.0002	0.9755	0.0243	
% 13	557	0.0645	0.539	0.3965	
% 13	558	0.1267	0.2269	0.6464	
% 13	559	0.3232	0.4904	0.1865	
% 13	560	0.0002	0.999	0.0008	
% 13	561	0.0449	0.5571	0.398	
% 13	562	0.001	0.98	0.019	
% 13	563	0.0002	0.9985	0.0013	
% 13	564	0.0004	0.9949	0.0048	
% 13	565	0.0317	0.7925	0.1758	
% 13	566	0.0108	0.8063	0.1829	
% 13	567	0.0003	0.9971	0.0027	
% 13	568	0.0014	0.9973	0.0013	
% 13	569	0.1332	0.2024	0.6644	
% 13	570	0.0268	0.621	0.3522	
% 13	571	0.0528	0.7727	0.1745	
% 13	572	0.0003	0.998	0.0017	
% 13	573	0.0003	0.993	0.0067	
% 13	574	0.7542	0.0029	0.2429	
% 13	575	0.2275	0.5739	0.1986	
% 13	576	0.06	0.8187	0.1213	
% 13	577	0.038	0.6282	0.3338	
% 13	578	0.0138	0.833	0.1531	
% 13	579	0.0137	0.8151	0.1712	
% 13	580	0.1788	0.4882	0.333	
% 13	581	0.4977	0.3005	0.2018	
% 13	582	0.2818	0.5518	0.1663	
% 13	583	0.482	0.3057	0.2123	
% 13	584	0.2731	0.5079	0.219	
% 13	585	0.0446	0.5665	0.3889	
% 13	586	0.0349	0.6222	0.3429	
% 13	587	0.3119	0.4661	0.222	
% 13	588	0.5848	0.2324	0.1828	
% 13	589	0.037	0.6153	0.3477	
% 13	590	0.2618	0.5833	0.1549	
% 13	591	0.0557	0.5664	0.3779	
% 13	592	0.4348	0.2159	0.3493	
% 13	593	0.0006	0.9954	0.004	
% 13	594	0.0209	0.7963	0.1828	
% 13	595	0.0003	0.9989	0.0008	
% 13	596	0.0299	0.6226	0.3475	
% 13	597	0.3081	0.5808	0.1111	
% 13	598	0.0003	0.9973	0.0024	
% 13	599	0.101	0.7425	0.1565	
% 13	600	0.0739	0.7314	0.1947	
% 13	601	0.058	0.6044	0.3376	
% 13	602	0.0645	0.7482	0.1873	
% 14	603	0.0419	0.6201	0.338	
% 15	604	0.0001	0.9992	0.0006	
% 15	605	0.0022	0.8268	0.1709	
% 15	606	0.0002	0.9982	0.0016	
% 14	607	0.1357	0.5783	0.286	
% 15	608	0.0315	0.6249	0.3436	
% 14	609	0.0409	0.5922	0.3669	
% 15	610	0.2744	0.5089	0.2167	
% 15	611	0.0001	0.9996	0.0003	
% 15	612	0.0394	0.7928	0.1678	
% 15	613	0.0253	0.8146	0.1601	
% 15	614	0.0004	0.999	0.0007	
% 14	615	0.0538	0.6009	0.3453	
% 14	616	0.0513	0.7744	0.1742	
% 14	617	0.0041	0.8412	0.1547	
% 14	618	0.0001	0.9991	0.0008	
% 14	619	0.0001	0.9994	0.0005	
% 14	620	0.0398	0.6124	0.3478	
% 15	621	0.0001	0.9993	0.0006	
% 14	622	0.3072	0.5456	0.1472	
% 15	623	0.2451	0.532	0.2229	
% 15	624	0.0483	0.5796	0.3721	
% 15	625	0.0012	0.8301	0.1687	
% 15	626	0.0431	0.6044	0.3525	
% 14	627	0.0006	0.8372	0.1622	
% 14	628	0.0002	0.9994	0.0004	
% 14	629	0.0401	0.5814	0.3785	
% 14	630	0.0932	0.2578	0.649	
% 14	631	0.0472	0.6163	0.3365	
% 14	632	0.0002	0.9986	0.0012	
% 15	633	0.0126	0.8262	0.1613	
% 14	634	0.0325	0.629	0.3385	
% 15	635	0.0375	0.618	0.3445	
% 15	636	0.0002	0.9989	0.0009	
% 15	637	0.0331	0.5984	0.3685	
% 15	638	0.0002	0.9994	0.0004	
% 15	639	0.0429	0.6198	0.3373	
% 15	640	0.0255	0.6104	0.3641	
% 14	641	0.0035	0.8345	0.162	
% 14	642	0.0002	0.9991	0.0007	
% 14	643	0.0001	0.9992	0.0006	
% 14	644	0.1989	0.6021	0.199	
% 14	645	0.0002	0.9985	0.0013	
% 14	646	0.0059	0.8316	0.1624	
% 15	647	0.2465	0.5616	0.192	
% 14	648	0.0005	0.8424	0.1572	
% 15	649	0.2612	0.5077	0.2311	
% 15	650	0.0001	0.9778	0.0221	
% 15	651	0.0002	0.9933	0.0065	
% 15	652	0.2425	0.5972	0.1603	
% 15	653	0.0476	0.5785	0.3739	
% 15	654	0.0002	0.9982	0.0016	
% 14	655	0.0001	0.9991	0.0007	
% 14	656	0.0001	0.9993	0.0006	
% 14	657	0.0002	0.9992	0.0007	
% 14	658	0.0002	0.9972	0.0026	
% 14	659	0.0402	0.5824	0.3774	
% 14	660	0.0004	0.996	0.0036	
% 14	661	0.0147	0.8087	0.1767	
% 15	662	0.022	0.8086	0.1694	
% 14	663	0.0004	0.9971	0.0025	
% 15	664	0.0002	0.998	0.0017	
% 14	665	0.2779	0.5166	0.2056	
% 15	666	0.438	0.3587	0.2033	
% 15	667	0.4902	0.302	0.2079	
% 15	668	0.3363	0.5029	0.1608	
% 15	669	0.4267	0.1414	0.4319	
% 15	670	0.0314	0.7984	0.1702	
% 14	671	0.019	0.8204	0.1606	
% 14	672	0.0001	0.9993	0.0006	
% 14	673	0.0861	0.2651	0.6488	
% 14	674	0.0001	0.9995	0.0004	
% 14	675	0.2866	0.4985	0.2149	
% 14	676	0.0306	0.6257	0.3437	
% 14	677	0.0003	0.997	0.0026	
% 15	678	0.0356	0.592	0.3724	
% 14	679	0.0116	0.8252	0.1633	
% 15	680	0.2713	0.5131	0.2156	
% 14	681	0.3024	0.4844	0.2132	
% 15	682	0.0329	0.6016	0.3655	
% 15	683	0.0433	0.7844	0.1723	
% 15	684	0.1235	0.2108	0.6657	
% 15	685	0.4479	0.3307	0.2214	
% 15	686	0.0001	0.9987	0.0011	
% 14	687	0.042	0.5944	0.3637	
% 14	688	0.0002	0.9989	0.0009	
% 14	689	0.0002	0.9979	0.0019	
% 14	690	0.0379	0.6012	0.3609	
% 14	691	0.0001	0.9993	0.0006	
% 14	692	0.0001	0.9992	0.0007	
% 15	693	0.0002	0.9975	0.0023	
% 14	694	0.009	0.8134	0.1776	
% 15	695	0.1042	0.2298	0.666	
% 15	696	0.2376	0.5085	0.254	
% 15	697	0.0438	0.5884	0.3678	
% 15	698	0.0002	0.9981	0.0017	
% 15	699	0.042	0.7815	0.1765	
% 14	700	0.069	0.7527	0.1782	
% 14	701	0.0087	0.8345	0.1568	
% 14	702	0.0002	0.9972	0.0026	
% 14	703	0.3039	0.4773	0.2189	
% 14	704	0.0383	0.7973	0.1645	
% 8	705	0.9995	0.0002	0.0003	
% 8	706	0.9992	0.0004	0.0004	
% 8	707	0.9992	0.0004	0.0004	
% 9	708	0.999	0.0004	0.0006	
% 9	709	0.9996	0.0002	0.0003	
% 16	710	0.9993	0.0002	0.0005	
% 16	711	0.9944	0.0002	0.0054	
% 16	712	0.9988	0.0003	0.0009	
% 16	713	0.9991	0.0003	0.0006	
% 16	714	0.9868	0.0089	0.0043	
% 16	715	0.9945	0.0003	0.0053	
% 16	716	0.9994	0.0003	0.0003	
% 16	717	0.9995	0.0002	0.0003	
% 16	718	0.9554	0.021	0.0235	
% 16	719	0.9991	0.0003	0.0006	
% 16	720	0.9993	0.0003	0.0004	
% 16	721	0.9992	0.0002	0.0006	
% 16	722	0.9986	0.0003	0.0011	
% 16	723	0.9986	0.0002	0.0011	
% 16	724	0.9833	0.0015	0.0152	
% 16	725	0.9891	0.0004	0.0105	
% 16	726	0.9993	0.0002	0.0005	
% 16	727	0.9995	0.0002	0.0004	
% 16	728	0.9925	0.0002	0.0073	
% 16	729	0.9994	0.0002	0.0003	
% 16	730	0.9991	0.0004	0.0006	
% 16	731	0.9995	0.0002	0.0003	
% 16	732	0.9992	0.0003	0.0005	
% 16	733	0.9953	0.0031	0.0016	
% 16	734	0.9994	0.0002	0.0003	
% 16	735	0.9993	0.0002	0.0004	
% 16	736	0.995	0.0008	0.0043	
% 16	737	0.9995	0.0002	0.0003	
% 16	738	0.998	0.0003	0.0017	
% 16	739	0.9988	0.0003	0.0009	
% 16	740	0.9991	0.0004	0.0006	
% 16	741	0.9978	0.0012	0.001	
% 17	742	0.9993	0.0003	0.0004	
% 17	743	0.9992	0.0002	0.0005	
% 17	744	0.9965	0.0007	0.0028	
% 17	745	0.9995	0.0002	0.0003	
% 17	746	0.9887	0.0005	0.0108	
% 17	747	0.9989	0.0002	0.0009	
% 17	748	0.9996	0.0002	0.0002	
% 18	749	0.9992	0.0003	0.0005	
% 18	750	0.9985	0.0002	0.0013	
% 18	751	0.999	0.0002	0.0008	
% 18	752	0.5905	0.0958	0.3136	
% 18	753	0.9996	0.0001	0.0002	
% 18	754	0.9926	0.0029	0.0046	
% 18	755	0.6725	0.0795	0.248	
% 18	756	0.9848	0.0047	0.0105	
% 18	757	0.666	0.0793	0.2548	
% 18	758	0.9995	0.0002	0.0003	
% 18	759	0.7227	0.0671	0.2102	
% 18	760	0.9996	0.0002	0.0002	
% 18	761	0.9993	0.0002	0.0004	
% 18	762	0.9994	0.0002	0.0004	
% 18	763	0.9992	0.0003	0.0005	
% 18	764	0.6782	0.0794	0.2423	
% 18	765	0.9996	0.0002	0.0002	
% 18	766	0.9989	0.0004	0.0007	
% 18	767	0.9995	0.0002	0.0002	
% 18	768	0.9996	0.0001	0.0002	
% 18	769	0.995	0.0006	0.0044	
% 18	770	0.9994	0.0003	0.0003	
% 18	771	0.6985	0.0703	0.2313	
% 18	772	0.9996	0.0002	0.0003	
% 18	773	0.9996	0.0002	0.0003	
% 18	774	0.9955	0.0014	0.0031	
% 18	775	0.9995	0.0002	0.0003	
% 18	776	0.9994	0.0002	0.0004	
% 18	777	0.6815	0.0806	0.2379	
% 18	778	0.9993	0.0003	0.0004	
% 18	779	0.9984	0.0007	0.001	
% 18	780	0.9994	0.0002	0.0004	
% 19	781	0.9547	0.0039	0.0414	
% 19	782	0.9993	0.0002	0.0006	
% 19	783	0.9976	0.0002	0.0022	
% 19	784	0.0422	0.6396	0.3182	
% 19	785	0.9995	0.0002	0.0003	
% 19	786	0.9981	0.0005	0.0014	
% 19	787	0.9995	0.0002	0.0003	
% 19	788	0.9993	0.0002	0.0005	
% 19	789	0.9994	0.0002	0.0004	
% 19	790	0.9994	0.0002	0.0004	
% 19	791	0.999	0.0003	0.0006	
% 19	792	0.9981	0.0009	0.0009	
% 19	793	0.9988	0.0003	0.0009	
% 19	794	0.6356	0.0899	0.2745	
% 20	795	0.9942	0.004	0.0018	
% 20	796	0.9995	0.0002	0.0003	
% 20	797	0.9993	0.0004	0.0003	
% 20	798	0.9994	0.0002	0.0005	
% 20	799	0.9992	0.0003	0.0004	
% 20	800	0.9994	0.0002	0.0004	
% 20	801	0.9832	0.0002	0.0166	
% 20	802	0.9993	0.0003	0.0004	
% 20	803	0.9862	0.0002	0.0136	
% 20	804	0.9996	0.0002	0.0002	
% 20	805	0.9988	0.0004	0.0008	
% 20	806	0.9996	0.0002	0.0003	
% 20	807	0.9989	0.0002	0.0009	
% 20	808	0.9989	0.0004	0.0007	
% 20	809	0.9996	0.0001	0.0002	
% 20	810	0.9993	0.0003	0.0004	
% 20	811	0.9994	0.0002	0.0004	
% 20	812	0.9976	0.0004	0.002	
% 20	813	0.6587	0.0811	0.2602	
% 20	814	0.9993	0.0003	0.0004	
% 20	815	0.9995	0.0002	0.0003	
% 20	816	0.9995	0.0002	0.0003	
% 20	817	0.9989	0.0004	0.0006	
% 20	818	0.9994	0.0002	0.0004	
% 20	819	0.9996	0.0002	0.0002	
% 20	820	0.9994	0.0003	0.0003	
% 20	821	0.9996	0.0002	0.0002	
% 20	822	0.9996	0.0002	0.0002	
% 20	823	0.9982	0.0003	0.0015	
% 20	824	0.9973	0.0008	0.0019	
% 20	825	0.9974	0.0007	0.0019	
% 20	826	0.9985	0.0003	0.0011	


% PARAMETERS
72 500 translate 
1 1 scale
0 rotate
/setrim {3 setlinewidth} def 
/setsep {0.3 setlinewidth} def 
/setind {0 setlinewidth} def 
/fh {6} def    	% Font height 
/da {5} def    	% Distance above box at which to print names 
/db {-7} def    	% Distance below box at which to print names 
/bh {50} def    	% Height of the box 
/wi {0.566586} def    	% Width of an individual 
/aato {60} def  	% Angle at which to print text atop box 
/abel {45} def  	% Angle at which to print text below box 
/tot {826} def   	% Total number of individuals 
/Helvetica-Bold findfont fh scalefont setfont 

% ABBREVIATED COMMANDS
/M {moveto} def
/R {rmoveto} def
/L {lineto} def
/V {rlineto} def
/Cfs {closepath fill stroke} def
/rotshow {
  dup dup stringwidth pop abel cos mul neg exch 
  stringwidth pop abel sin mul neg R
  gsave abel rotate show grestore
} def
/bhm {bh mul} def 	% Multiply by height of the box 
/nwi {wi neg} def   	% Negative width of an individual 
/wm {wi mul} def 	% Multiply by width of an individual 
/ru {bhm M wi 0 V 0} def   	% Right-upwards box motion 
/ld {bhm V nwi 0 V Cfs} def	% Left-downwards box closure motion
/bbm {-.3 add 2 div add wm fh 2 div add db M} def       	% Below-box motion
/abm {-.3 add 2 div add wm fh 2 div add bh da add M} def	% Above-box motion
/sc {setrgbcolor} def

% COLORS
/c0 {0.0 0.0 0.0 sc} def    % black 
/c1 {2.1 0.6 0.3 sc} def    % orange 
/c2 {0 0.6 0.9 sc} def      % blue   
/c3 {.9 2.1 0 sc} def       % yellow 
/c4 {1.5 0.6 0.9 sc} def    % pink   
/c5 {.2 .6 .2 sc} def       % green  
/c6 {.5 0 .5 sc} def        % purple 
/c7 {1.2 0.0 0.3 sc} def    % red     
/c8 {0 1 0 sc} def          % light_green 
/c9 {0 0 1 sc} def          % dark_blue 
/c10 {1.2 0 1.8 sc} def     % light_purple 
/c11 {1.5 0.9 0.6 sc} def   % light_yellow 
/c12 {0.7 0.3 0.0 sc} def   % brown 
/c13 {0 1.2 1.8 sc} def     % light_blue 
/c14 {0.5 0.5 0.0 sc} def   % olive_green 
/c15 {1.8 0.6 0.6 sc} def   % peach 
/c16 {0 0.5 0.5 sc} def     % sea_green 
/c17 {.6 .75 .15 sc} def    % yellow_green 
/c18 {0.45 .15 .9 sc} def   % blue_purple  
/c19 {0.15 0.75 0.6 sc} def % blue_green 
/c20 {0.5 setgray} def      % gray 
/c21 {0.05 0.4 0.05 sc} def % dark_green 
/c22 {0.75 setgray} def     % light_gray 
/c23 {1 0 0 sc} def         % red2 
/c24 {0.6 0.9 1.5 sc} def   % light_blue2 
/c25 {1 0.6 0.4 sc} def     % light_orange 
/c26 {0.25 setgray} def     % dark_gray 
/c27 {1.2 0.9 0.9 sc} def   % light_pink 
/c28 {.6 .2 .2 sc} def      % dark_brown 
/c29 {1.6 0.4 0 sc} def     % dark_orange 
/c30 {0.2 0 0.3 sc} def     % dark_purple 
/c31 {1 setgray} def        % white 
/c32 {2.7 .3 0 sc} def      % color32 
/c33 {2.4 .6 0 sc} def      % color33 
/c34 {2.1 .3 .6 sc} def     % color34 
/c35 {1.5 .6 .9 sc} def     % color35 
/c36 {1.2 1.2 .6 sc} def    % color36 
/c37 {1.2 1.2 .9 sc} def    % color37 
/c38 {1.2 .9 .9 sc} def     % color38 
/c39 {.9 1.8 .3 sc} def     % color39 
/c40 {.9 .9 1.2 sc} def     % color40 
/c41 {.9 .6 1.5 sc} def     % color41 
/c42 {.6 2.1 .3 sc} def     % color42 
/c43 {.6 1.8 .6 sc} def     % color43 
/c44 {.6 1.5 .9 sc} def     % color44 
/c45 {.6 1.2 1.2 sc} def    % color45 
/c46 {.6 .9 1.5 sc} def     % color46 
/c47 {.6 .6 1.8 sc} def     % color47 
/c48 {.6 .3 2.1 sc} def     % color48 
/c49 {.3 .6 2.1 sc} def     % color49 
/c50 {0 2.4 .6 sc} def      % color50 
/c51 {0 2.1 .9 sc} def      % color51 
/c52 {0 .9 2.1 sc} def      % color52 
/c53 {.8 .1 .1 sc} def      % color53 
/c54 {.7 .3 0 sc} def       % color54 
/c55 {.7 .2 .1 sc} def      % color55 
/c56 {.7 .1 .2 sc} def      % color56 
/c57 {.6 .4 0 sc} def       % color57 
/c58 {.6 .3 .1 sc} def      % color58 
/c59 {.3 .4 .3 sc} def      % color59 
/c60 {.6 .1 .3 sc} def      % color60 
/c61 {.5 .3 .2 sc} def      % color61 
/c62 {.5 .2 .3 sc} def      % color62 
/c63 {.5 .1 .4 sc} def      % color63 
/c64 {.4 .3 .3 sc} def      % color64 
/c65 {.4 .2 .4 sc} def      % color65 
/c66 {1.2 .4 .4 sc} def     % color66 
/c67 {1.2 .2 .6 sc} def     % color67 
/c68 {1 .8 .2 sc} def       % color68 
/c69 {1 .6 .4 sc} def       % color69 
/c70 {1 .4 .6 sc} def       % color70 
/c100 {0.996094 0.996094 0.996094 sc} def   % color100 
/c101 {0.996094 0.695312 0.695312 sc} def   % color101 
/c102 {0.894531 0.492188 0.492188 sc} def   % color102 
/c103 {0.796875 0.316406 0.316406 sc} def   % color103 
/c104 {0.695312 0.171875 0.171875 sc} def   % color104 
/c105 {0.597656 0.0585938 0.0585938 sc} def % color105 
/c106 {0.894531 0.84375 0.695312 sc} def    % color106 
/c107 {0.761719 0.691406 0.492188 sc} def   % color107 
/c108 {0.636719 0.554688 0.316406 sc} def   % color108 
/c109 {0.519531 0.433594 0.171875 sc} def   % color109 
/c110 {0.417969 0.328125 0.0585938 sc} def  % color110 
/c111 {0.894531 0.996094 0.695312 sc} def   % color111 
/c112 {0.761719 0.894531 0.492188 sc} def   % color112 
/c113 {0.636719 0.796875 0.316406 sc} def   % color113 
/c114 {0.519531 0.695312 0.171875 sc} def   % color114 
/c115 {0.417969 0.597656 0.0585938 sc} def  % color115 
/c116 {0.695312 0.894531 0.996094 sc} def   % color116 
/c117 {0.492188 0.761719 0.894531 sc} def   % color117 
/c118 {0.316406 0.636719 0.796875 sc} def   % color118 
/c119 {0.171875 0.519531 0.695312 sc} def   % color119 
/c120 {0.0585938 0.417969 0.597656 sc} def  % color120 
/c121 {0.746094 0.695312 0.996094 sc} def   % color121 
/c122 {0.558594 0.492188 0.894531 sc} def   % color122 
/c123 {0.394531 0.316406 0.796875 sc} def   % color123 
/c124 {0.257812 0.171875 0.695312 sc} def   % color124 
/c125 {0.148438 0.0585938 0.597656 sc} def  % color125 
/c126 {0.996094 0.996094 0.597656 sc} def   % color126 
/c127 {0.996094 0.996094 0 sc} def          % color127 
/c128 {0.996094 0.796875 0 sc} def          % color128 
/c129 {0.996094 0.597656 0 sc} def          % color129 
/c130 {0.996094 0.398438 0 sc} def          % color130 
/c1001 {0.496094 0.785156 0.496094 sc} def   % Accent_3_qual_1 
/c1002 {0.742188 0.679688 0.828125 sc} def   % Accent_3_qual_2 
/c1003 {0.988281 0.75 0.523438 sc} def       % Accent_3_qual_3 
/c1004 {0.496094 0.785156 0.496094 sc} def   % Accent_4_qual_1 
/c1005 {0.742188 0.679688 0.828125 sc} def   % Accent_4_qual_2 
/c1006 {0.988281 0.75 0.523438 sc} def 	    % Accent_4_qual_3 
/c1007 {0.996094 0.996094 0.597656 sc} def   % Accent_4_qual_4 
/c1008 {0.496094 0.785156 0.496094 sc} def   % Accent_5_qual_1 
/c1009 {0.742188 0.679688 0.828125 sc} def   % Accent_5_qual_2 
/c1010 {0.988281 0.75 0.523438 sc} def 	    % Accent_5_qual_3 
/c1011 {0.996094 0.996094 0.597656 sc} def   % Accent_5_qual_4 
/c1012 {0.21875 0.421875 0.6875 sc} def 	    % Accent_5_qual_5 
/c1013 {0.496094 0.785156 0.496094 sc} def   % Accent_6_qual_1 
/c1014 {0.742188 0.679688 0.828125 sc} def   % Accent_6_qual_2 
/c1015 {0.988281 0.75 0.523438 sc} def 	    % Accent_6_qual_3 
/c1016 {0.996094 0.996094 0.597656 sc} def   % Accent_6_qual_4 
/c1017 {0.21875 0.421875 0.6875 sc} def 	    % Accent_6_qual_5 
/c1018 {0.9375 0.0078125 0.496094 sc} def    % Accent_6_qual_6 
/c1019 {0.496094 0.785156 0.496094 sc} def   % Accent_7_qual_1 
/c1020 {0.742188 0.679688 0.828125 sc} def   % Accent_7_qual_2 
/c1021 {0.988281 0.75 0.523438 sc} def 	    % Accent_7_qual_3 
/c1022 {0.996094 0.996094 0.597656 sc} def   % Accent_7_qual_4 
/c1023 {0.21875 0.421875 0.6875 sc} def 	    % Accent_7_qual_5 
/c1024 {0.9375 0.0078125 0.496094 sc} def    % Accent_7_qual_6 
/c1025 {0.746094 0.355469 0.0898438 sc} def  % Accent_7_qual_7 
/c1026 {0.496094 0.785156 0.496094 sc} def   % Accent_8_qual_1 
/c1027 {0.742188 0.679688 0.828125 sc} def   % Accent_8_qual_2 
/c1028 {0.988281 0.75 0.523438 sc} def 	    % Accent_8_qual_3 
/c1029 {0.996094 0.996094 0.597656 sc} def   % Accent_8_qual_4 
/c1030 {0.21875 0.421875 0.6875 sc} def 	    % Accent_8_qual_5 
/c1031 {0.9375 0.0078125 0.496094 sc} def    % Accent_8_qual_6 
/c1032 {0.746094 0.355469 0.0898438 sc} def  % Accent_8_qual_7 
/c1033 {0.398438 0.398438 0.398438 sc} def   % Accent_8_qual_8 
/c1034 {0.867188 0.917969 0.964844 sc} def   % Blues_3_seq_1 
/c1035 {0.617188 0.789062 0.878906 sc} def   % Blues_3_seq_2 
/c1036 {0.191406 0.507812 0.738281 sc} def   % Blues_3_seq_3 
/c1037 {0.933594 0.949219 0.996094 sc} def   % Blues_4_seq_1 
/c1038 {0.738281 0.839844 0.902344 sc} def   % Blues_4_seq_2 
/c1039 {0.417969 0.679688 0.835938 sc} def   % Blues_4_seq_3 
/c1040 {0.128906 0.441406 0.707031 sc} def   % Blues_4_seq_4 
/c1041 {0.933594 0.949219 0.996094 sc} def   % Blues_5_seq_1 
/c1042 {0.738281 0.839844 0.902344 sc} def   % Blues_5_seq_2 
/c1043 {0.417969 0.679688 0.835938 sc} def   % Blues_5_seq_3 
/c1044 {0.191406 0.507812 0.738281 sc} def   % Blues_5_seq_4 
/c1045 {0.03125 0.316406 0.609375 sc} def    % Blues_5_seq_5 
/c1046 {0.933594 0.949219 0.996094 sc} def   % Blues_6_seq_1 
/c1047 {0.773438 0.855469 0.933594 sc} def   % Blues_6_seq_2 
/c1048 {0.617188 0.789062 0.878906 sc} def   % Blues_6_seq_3 
/c1049 {0.417969 0.679688 0.835938 sc} def   % Blues_6_seq_4 
/c1050 {0.191406 0.507812 0.738281 sc} def   % Blues_6_seq_5 
/c1051 {0.03125 0.316406 0.609375 sc} def    % Blues_6_seq_6 
/c1052 {0.933594 0.949219 0.996094 sc} def   % Blues_7_seq_1 
/c1053 {0.773438 0.855469 0.933594 sc} def   % Blues_7_seq_2 
/c1054 {0.617188 0.789062 0.878906 sc} def   % Blues_7_seq_3 
/c1055 {0.417969 0.679688 0.835938 sc} def   % Blues_7_seq_4 
/c1056 {0.257812 0.570312 0.773438 sc} def   % Blues_7_seq_5 
/c1057 {0.128906 0.441406 0.707031 sc} def   % Blues_7_seq_6 
/c1058 {0.03125 0.269531 0.578125 sc} def    % Blues_7_seq_7 
/c1059 {0.964844 0.980469 0.996094 sc} def   % Blues_8_seq_1 
/c1060 {0.867188 0.917969 0.964844 sc} def   % Blues_8_seq_2 
/c1061 {0.773438 0.855469 0.933594 sc} def   % Blues_8_seq_3 
/c1062 {0.617188 0.789062 0.878906 sc} def   % Blues_8_seq_4 
/c1063 {0.417969 0.679688 0.835938 sc} def   % Blues_8_seq_5 
/c1064 {0.257812 0.570312 0.773438 sc} def   % Blues_8_seq_6 
/c1065 {0.128906 0.441406 0.707031 sc} def   % Blues_8_seq_7 
/c1066 {0.03125 0.269531 0.578125 sc} def    % Blues_8_seq_8 
/c1067 {0.964844 0.980469 0.996094 sc} def   % Blues_9_seq_1 
/c1068 {0.867188 0.917969 0.964844 sc} def   % Blues_9_seq_2 
/c1069 {0.773438 0.855469 0.933594 sc} def   % Blues_9_seq_3 
/c1070 {0.617188 0.789062 0.878906 sc} def   % Blues_9_seq_4 
/c1071 {0.417969 0.679688 0.835938 sc} def   % Blues_9_seq_5 
/c1072 {0.257812 0.570312 0.773438 sc} def   % Blues_9_seq_6 
/c1073 {0.128906 0.441406 0.707031 sc} def   % Blues_9_seq_7 
/c1074 {0.03125 0.316406 0.609375 sc} def    % Blues_9_seq_8 
/c1075 {0.03125 0.1875 0.417969 sc} def 	    % Blues_9_seq_9 
/c1076 {0.84375 0.699219 0.394531 sc} def    % BrBG_3_div_1 
/c1077 {0.957031 0.957031 0.957031 sc} def   % BrBG_3_div_2 
/c1078 {0.351562 0.703125 0.671875 sc} def   % BrBG_3_div_3 
/c1079 {0.648438 0.378906 0.101562 sc} def   % BrBG_4_div_1 
/c1080 {0.871094 0.757812 0.488281 sc} def   % BrBG_4_div_2 
/c1081 {0.5 0.800781 0.753906 sc} def 	    % BrBG_4_div_3 
/c1082 {0.00390625 0.519531 0.441406 sc} def     % BrBG_4_div_4 
/c1083 {0.648438 0.378906 0.101562 sc} def   % BrBG_5_div_1 
/c1084 {0.871094 0.757812 0.488281 sc} def   % BrBG_5_div_2 
/c1085 {0.957031 0.957031 0.957031 sc} def   % BrBG_5_div_3 
/c1086 {0.5 0.800781 0.753906 sc} def 	    % BrBG_5_div_4 
/c1087 {0.00390625 0.519531 0.441406 sc} def     % BrBG_5_div_5 
/c1088 {0.546875 0.316406 0.0390625 sc} def  % BrBG_6_div_1 
/c1089 {0.84375 0.699219 0.394531 sc} def   % BrBG_6_div_2 
/c1090 {0.960938 0.90625 0.761719 sc} def   % BrBG_6_div_3 
/c1091 {0.777344 0.914062 0.894531 sc} def   % BrBG_6_div_4 
/c1092 {0.351562 0.703125 0.671875 sc} def   % BrBG_6_div_5 
/c1093 {0.00390625 0.398438 0.367188 sc} def     % BrBG_6_div_6 
/c1094 {0.546875 0.316406 0.0390625 sc} def  % BrBG_7_div_1 
/c1095 {0.84375 0.699219 0.394531 sc} def   % BrBG_7_div_2 
/c1096 {0.960938 0.90625 0.761719 sc} def   % BrBG_7_div_3 
/c1097 {0.957031 0.957031 0.957031 sc} def   % BrBG_7_div_4 
/c1098 {0.777344 0.914062 0.894531 sc} def   % BrBG_7_div_5 
/c1099 {0.351562 0.703125 0.671875 sc} def   % BrBG_7_div_6 
/c1100 {0.00390625 0.398438 0.367188 sc} def     % BrBG_7_div_7 
/c1101 {0.546875 0.316406 0.0390625 sc} def  % BrBG_8_div_1 
/c1102 {0.746094 0.503906 0.175781 sc} def   % BrBG_8_div_2 
/c1103 {0.871094 0.757812 0.488281 sc} def   % BrBG_8_div_3 
/c1104 {0.960938 0.90625 0.761719 sc} def   % BrBG_8_div_4 
/c1105 {0.777344 0.914062 0.894531 sc} def   % BrBG_8_div_5 
/c1106 {0.5 0.800781 0.753906 sc} def 	    % BrBG_8_div_6 
/c1107 {0.207031 0.589844 0.558594 sc} def   % BrBG_8_div_7 
/c1108 {0.00390625 0.398438 0.367188 sc} def     % BrBG_8_div_8 
/c1109 {0.546875 0.316406 0.0390625 sc} def  % BrBG_9_div_1 
/c1110 {0.746094 0.503906 0.175781 sc} def   % BrBG_9_div_2 
/c1111 {0.871094 0.757812 0.488281 sc} def   % BrBG_9_div_3 
/c1112 {0.960938 0.90625 0.761719 sc} def   % BrBG_9_div_4 
/c1113 {0.957031 0.957031 0.957031 sc} def   % BrBG_9_div_5 
/c1114 {0.777344 0.914062 0.894531 sc} def   % BrBG_9_div_6 
/c1115 {0.5 0.800781 0.753906 sc} def 	    % BrBG_9_div_7 
/c1116 {0.207031 0.589844 0.558594 sc} def   % BrBG_9_div_8 
/c1117 {0.00390625 0.398438 0.367188 sc} def     % BrBG_9_div_9 
/c1118 {0.328125 0.1875 0.0195312 sc} def   % BrBG_10_div_1 
/c1119 {0.546875 0.316406 0.0390625 sc} def  % BrBG_10_div_2 
/c1120 {0.746094 0.503906 0.175781 sc} def   % BrBG_10_div_3 
/c1121 {0.871094 0.757812 0.488281 sc} def   % BrBG_10_div_4 
/c1122 {0.960938 0.90625 0.761719 sc} def   % BrBG_10_div_5 
/c1123 {0.777344 0.914062 0.894531 sc} def   % BrBG_10_div_6 
/c1124 {0.5 0.800781 0.753906 sc} def 	    % BrBG_10_div_7 
/c1125 {0.207031 0.589844 0.558594 sc} def   % BrBG_10_div_8 
/c1126 {0.00390625 0.398438 0.367188 sc} def     % BrBG_10_div_9 
/c1127 {0 0.234375 0.1875 sc} def 	    % BrBG_10_div_10 
/c1128 {0.328125 0.1875 0.0195312 sc} def   % BrBG_11_div_1 
/c1129 {0.546875 0.316406 0.0390625 sc} def  % BrBG_11_div_2 
/c1130 {0.746094 0.503906 0.175781 sc} def   % BrBG_11_div_3 
/c1131 {0.871094 0.757812 0.488281 sc} def   % BrBG_11_div_4 
/c1132 {0.960938 0.90625 0.761719 sc} def   % BrBG_11_div_5 
/c1133 {0.957031 0.957031 0.957031 sc} def   % BrBG_11_div_6 
